    x    y    z    vx   vy    vz
-2.0 -2.0 -2.0 0.0 0.0 0.0
-2.0 -2.0 -1.7 0.0 0.0 0.0
-2.0 -2.0 -1.4 0.0 0.0 0.0
-2.0 -2.0 -1.0999999999999999 0.0 0.0 0.0
-2.0 -2.0 -0.7999999999999998 0.0 0.0 0.0
-2.0 -2.0 -0.49999999999999983 0.0 0.0 0.0
-2.0 -2.0 -0.19999999999999984 0.0 0.0 0.0
-2.0 -2.0 0.10000000000000014 0.0 0.0 0.0
-2.0 -2.0 0.40000000000000013 0.0 0.0 0.0
-2.0 -2.0 0.7000000000000002 0.0 0.0 0.0
-2.0 -2.0 1.0000000000000002 0.0 0.0 0.0
-2.0 -2.0 1.3000000000000003 0.0 0.0 0.0
-2.0 -2.0 1.6000000000000003 0.0 0.0 0.0
-2.0 -2.0 1.9000000000000004 0.0 0.0 0.0
-2.0 -1.8 -2.0 0.0 0.0 0.0
-2.0 -1.8 -1.7 0.0 0.0 0.0
-2.0 -1.8 -1.4 0.0 0.0 0.0
-2.0 -1.8 -1.0999999999999999 0.0 0.0 0.0
-2.0 -1.8 -0.7999999999999998 0.0 0.0 0.0
-2.0 -1.8 -0.49999999999999983 0.0 0.0 0.0
-2.0 -1.8 -0.19999999999999984 0.0 0.0 0.0
-2.0 -1.8 0.10000000000000014 0.0 0.0 0.0
-2.0 -1.8 0.40000000000000013 0.0 0.0 0.0
-2.0 -1.8 0.7000000000000002 0.0 0.0 0.0
-2.0 -1.8 1.0000000000000002 0.0 0.0 0.0
-2.0 -1.8 1.3000000000000003 0.0 0.0 0.0
-2.0 -1.8 1.6000000000000003 0.0 0.0 0.0
-2.0 -1.8 1.9000000000000004 0.0 0.0 0.0
-2.0 -1.6 -2.0 0.0 0.0 0.0
-2.0 -1.6 -1.7 0.0 0.0 0.0
-2.0 -1.6 -1.4 0.0 0.0 0.0
-2.0 -1.6 -1.0999999999999999 0.0 0.0 0.0
-2.0 -1.6 -0.7999999999999998 0.0 0.0 0.0
-2.0 -1.6 -0.49999999999999983 0.0 0.0 0.0
-2.0 -1.6 -0.19999999999999984 0.0 0.0 0.0
-2.0 -1.6 0.10000000000000014 0.0 0.0 0.0
-2.0 -1.6 0.40000000000000013 0.0 0.0 0.0
-2.0 -1.6 0.7000000000000002 0.0 0.0 0.0
-2.0 -1.6 1.0000000000000002 0.0 0.0 0.0
-2.0 -1.6 1.3000000000000003 0.0 0.0 0.0
-2.0 -1.6 1.6000000000000003 0.0 0.0 0.0
-2.0 -1.6 1.9000000000000004 0.0 0.0 0.0
-1.7 -2.0 -2.0 0.0 0.0 0.0
-1.7 -2.0 -1.7 0.0 0.0 0.0
-1.7 -2.0 -1.4 0.0 0.0 0.0
-1.7 -2.0 -1.0999999999999999 0.0 0.0 0.0
-1.7 -2.0 -0.7999999999999998 0.0 0.0 0.0
-1.7 -2.0 -0.49999999999999983 0.0 0.0 0.0
-1.7 -2.0 -0.19999999999999984 0.0 0.0 0.0
-1.7 -2.0 0.10000000000000014 0.0 0.0 0.0
-1.7 -2.0 0.40000000000000013 0.0 0.0 0.0
-1.7 -2.0 0.7000000000000002 0.0 0.0 0.0
-1.7 -2.0 1.0000000000000002 0.0 0.0 0.0
-1.7 -2.0 1.3000000000000003 0.0 0.0 0.0
-1.7 -2.0 1.6000000000000003 0.0 0.0 0.0
-1.7 -2.0 1.9000000000000004 0.0 0.0 0.0
-1.7 -1.8 -2.0 0.0 0.0 0.0
-1.7 -1.8 -1.7 0.0 0.0 0.0
-1.7 -1.8 -1.4 0.0 0.0 0.0
-1.7 -1.8 -1.0999999999999999 0.0 0.0 0.0
-1.7 -1.8 -0.7999999999999998 0.0 0.0 0.0
-1.7 -1.8 -0.49999999999999983 0.0 0.0 0.0
-1.7 -1.8 -0.19999999999999984 0.0 0.0 0.0
-1.7 -1.8 0.10000000000000014 0.0 0.0 0.0
-1.7 -1.8 0.40000000000000013 0.0 0.0 0.0
-1.7 -1.8 0.7000000000000002 0.0 0.0 0.0
-1.7 -1.8 1.0000000000000002 0.0 0.0 0.0
-1.7 -1.8 1.3000000000000003 0.0 0.0 0.0
-1.7 -1.8 1.6000000000000003 0.0 0.0 0.0
-1.7 -1.8 1.9000000000000004 0.0 0.0 0.0
-1.7 -1.6 -2.0 0.0 0.0 0.0
-1.7 -1.6 -1.7 0.0 0.0 0.0
-1.7 -1.6 -1.4 0.0 0.0 0.0
-1.7 -1.6 -1.0999999999999999 0.0 0.0 0.0
-1.7 -1.6 -0.7999999999999998 0.0 0.0 0.0
-1.7 -1.6 -0.49999999999999983 0.0 0.0 0.0
-1.7 -1.6 -0.19999999999999984 0.0 0.0 0.0
-1.7 -1.6 0.10000000000000014 0.0 0.0 0.0
-1.7 -1.6 0.40000000000000013 0.0 0.0 0.0
-1.7 -1.6 0.7000000000000002 0.0 0.0 0.0
-1.7 -1.6 1.0000000000000002 0.0 0.0 0.0
-1.7 -1.6 1.3000000000000003 0.0 0.0 0.0
-1.7 -1.6 1.6000000000000003 0.0 0.0 0.0
-1.7 -1.6 1.9000000000000004 0.0 0.0 0.0
-1.4 -2.0 -2.0 0.0 0.0 0.0
-1.4 -2.0 -1.7 0.0 0.0 0.0
-1.4 -2.0 -1.4 0.0 0.0 0.0
-1.4 -2.0 -1.0999999999999999 0.0 0.0 0.0
-1.4 -2.0 -0.7999999999999998 0.0 0.0 0.0
-1.4 -2.0 -0.49999999999999983 0.0 0.0 0.0
-1.4 -2.0 -0.19999999999999984 0.0 0.0 0.0
-1.4 -2.0 0.10000000000000014 0.0 0.0 0.0
-1.4 -2.0 0.40000000000000013 0.0 0.0 0.0
-1.4 -2.0 0.7000000000000002 0.0 0.0 0.0
-1.4 -2.0 1.0000000000000002 0.0 0.0 0.0
-1.4 -2.0 1.3000000000000003 0.0 0.0 0.0
-1.4 -2.0 1.6000000000000003 0.0 0.0 0.0
-1.4 -2.0 1.9000000000000004 0.0 0.0 0.0
-1.4 -1.8 -2.0 0.0 0.0 0.0
-1.4 -1.8 -1.7 0.0 0.0 0.0
-1.4 -1.8 -1.4 0.0 0.0 0.0
-1.4 -1.8 -1.0999999999999999 0.0 0.0 0.0
-1.4 -1.8 -0.7999999999999998 0.0 0.0 0.0
-1.4 -1.8 -0.49999999999999983 0.0 0.0 0.0
-1.4 -1.8 -0.19999999999999984 0.0 0.0 0.0
-1.4 -1.8 0.10000000000000014 0.0 0.0 0.0
-1.4 -1.8 0.40000000000000013 0.0 0.0 0.0
-1.4 -1.8 0.7000000000000002 0.0 0.0 0.0
-1.4 -1.8 1.0000000000000002 0.0 0.0 0.0
-1.4 -1.8 1.3000000000000003 0.0 0.0 0.0
-1.4 -1.8 1.6000000000000003 0.0 0.0 0.0
-1.4 -1.8 1.9000000000000004 0.0 0.0 0.0
-1.4 -1.6 -2.0 0.0 0.0 0.0
-1.4 -1.6 -1.7 0.0 0.0 0.0
-1.4 -1.6 -1.4 0.0 0.0 0.0
-1.4 -1.6 -1.0999999999999999 0.0 0.0 0.0
-1.4 -1.6 -0.7999999999999998 0.0 0.0 0.0
-1.4 -1.6 -0.49999999999999983 0.0 0.0 0.0
-1.4 -1.6 -0.19999999999999984 0.0 0.0 0.0
-1.4 -1.6 0.10000000000000014 0.0 0.0 0.0
-1.4 -1.6 0.40000000000000013 0.0 0.0 0.0
-1.4 -1.6 0.7000000000000002 0.0 0.0 0.0
-1.4 -1.6 1.0000000000000002 0.0 0.0 0.0
-1.4 -1.6 1.3000000000000003 0.0 0.0 0.0
-1.4 -1.6 1.6000000000000003 0.0 0.0 0.0
-1.4 -1.6 1.9000000000000004 0.0 0.0 0.0
-1.0999999999999999 -2.0 -2.0 0.0 0.0 0.0
-1.0999999999999999 -2.0 -1.7 0.0 0.0 0.0
-1.0999999999999999 -2.0 -1.4 0.0 0.0 0.0
-1.0999999999999999 -2.0 -1.0999999999999999 0.0 0.0 0.0
-1.0999999999999999 -2.0 -0.7999999999999998 0.0 0.0 0.0
-1.0999999999999999 -2.0 -0.49999999999999983 0.0 0.0 0.0
-1.0999999999999999 -2.0 -0.19999999999999984 0.0 0.0 0.0
-1.0999999999999999 -2.0 0.10000000000000014 0.0 0.0 0.0
-1.0999999999999999 -2.0 0.40000000000000013 0.0 0.0 0.0
-1.0999999999999999 -2.0 0.7000000000000002 0.0 0.0 0.0
-1.0999999999999999 -2.0 1.0000000000000002 0.0 0.0 0.0
-1.0999999999999999 -2.0 1.3000000000000003 0.0 0.0 0.0
-1.0999999999999999 -2.0 1.6000000000000003 0.0 0.0 0.0
-1.0999999999999999 -2.0 1.9000000000000004 0.0 0.0 0.0
-1.0999999999999999 -1.8 -2.0 0.0 0.0 0.0
-1.0999999999999999 -1.8 -1.7 0.0 0.0 0.0
-1.0999999999999999 -1.8 -1.4 0.0 0.0 0.0
-1.0999999999999999 -1.8 -1.0999999999999999 0.0 0.0 0.0
-1.0999999999999999 -1.8 -0.7999999999999998 0.0 0.0 0.0
-1.0999999999999999 -1.8 -0.49999999999999983 0.0 0.0 0.0
-1.0999999999999999 -1.8 -0.19999999999999984 0.0 0.0 0.0
-1.0999999999999999 -1.8 0.10000000000000014 0.0 0.0 0.0
-1.0999999999999999 -1.8 0.40000000000000013 0.0 0.0 0.0
-1.0999999999999999 -1.8 0.7000000000000002 0.0 0.0 0.0
-1.0999999999999999 -1.8 1.0000000000000002 0.0 0.0 0.0
-1.0999999999999999 -1.8 1.3000000000000003 0.0 0.0 0.0
-1.0999999999999999 -1.8 1.6000000000000003 0.0 0.0 0.0
-1.0999999999999999 -1.8 1.9000000000000004 0.0 0.0 0.0
-1.0999999999999999 -1.6 -2.0 0.0 0.0 0.0
-1.0999999999999999 -1.6 -1.7 0.0 0.0 0.0
-1.0999999999999999 -1.6 -1.4 0.0 0.0 0.0
-1.0999999999999999 -1.6 -1.0999999999999999 0.0 0.0 0.0
-1.0999999999999999 -1.6 -0.7999999999999998 0.0 0.0 0.0
-1.0999999999999999 -1.6 -0.49999999999999983 0.0 0.0 0.0
-1.0999999999999999 -1.6 -0.19999999999999984 0.0 0.0 0.0
-1.0999999999999999 -1.6 0.10000000000000014 0.0 0.0 0.0
-1.0999999999999999 -1.6 0.40000000000000013 0.0 0.0 0.0
-1.0999999999999999 -1.6 0.7000000000000002 0.0 0.0 0.0
-1.0999999999999999 -1.6 1.0000000000000002 0.0 0.0 0.0
-1.0999999999999999 -1.6 1.3000000000000003 0.0 0.0 0.0
-1.0999999999999999 -1.6 1.6000000000000003 0.0 0.0 0.0
-1.0999999999999999 -1.6 1.9000000000000004 0.0 0.0 0.0
-0.7999999999999998 -2.0 -2.0 0.0 0.0 0.0
-0.7999999999999998 -2.0 -1.7 0.0 0.0 0.0
-0.7999999999999998 -2.0 -1.4 0.0 0.0 0.0
-0.7999999999999998 -2.0 -1.0999999999999999 0.0 0.0 0.0
-0.7999999999999998 -2.0 -0.7999999999999998 0.0 0.0 0.0
-0.7999999999999998 -2.0 -0.49999999999999983 0.0 0.0 0.0
-0.7999999999999998 -2.0 -0.19999999999999984 0.0 0.0 0.0
-0.7999999999999998 -2.0 0.10000000000000014 0.0 0.0 0.0
-0.7999999999999998 -2.0 0.40000000000000013 0.0 0.0 0.0
-0.7999999999999998 -2.0 0.7000000000000002 0.0 0.0 0.0
-0.7999999999999998 -2.0 1.0000000000000002 0.0 0.0 0.0
-0.7999999999999998 -2.0 1.3000000000000003 0.0 0.0 0.0
-0.7999999999999998 -2.0 1.6000000000000003 0.0 0.0 0.0
-0.7999999999999998 -2.0 1.9000000000000004 0.0 0.0 0.0
-0.7999999999999998 -1.8 -2.0 0.0 0.0 0.0
-0.7999999999999998 -1.8 -1.7 0.0 0.0 0.0
-0.7999999999999998 -1.8 -1.4 0.0 0.0 0.0
-0.7999999999999998 -1.8 -1.0999999999999999 0.0 0.0 0.0
-0.7999999999999998 -1.8 -0.7999999999999998 0.0 0.0 0.0
-0.7999999999999998 -1.8 -0.49999999999999983 0.0 0.0 0.0
-0.7999999999999998 -1.8 -0.19999999999999984 0.0 0.0 0.0
-0.7999999999999998 -1.8 0.10000000000000014 0.0 0.0 0.0
-0.7999999999999998 -1.8 0.40000000000000013 0.0 0.0 0.0
-0.7999999999999998 -1.8 0.7000000000000002 0.0 0.0 0.0
-0.7999999999999998 -1.8 1.0000000000000002 0.0 0.0 0.0
-0.7999999999999998 -1.8 1.3000000000000003 0.0 0.0 0.0
-0.7999999999999998 -1.8 1.6000000000000003 0.0 0.0 0.0
-0.7999999999999998 -1.8 1.9000000000000004 0.0 0.0 0.0
-0.7999999999999998 -1.6 -2.0 0.0 0.0 0.0
-0.7999999999999998 -1.6 -1.7 0.0 0.0 0.0
-0.7999999999999998 -1.6 -1.4 0.0 0.0 0.0
-0.7999999999999998 -1.6 -1.0999999999999999 0.0 0.0 0.0
-0.7999999999999998 -1.6 -0.7999999999999998 0.0 0.0 0.0
-0.7999999999999998 -1.6 -0.49999999999999983 0.0 0.0 0.0
-0.7999999999999998 -1.6 -0.19999999999999984 0.0 0.0 0.0
-0.7999999999999998 -1.6 0.10000000000000014 0.0 0.0 0.0
-0.7999999999999998 -1.6 0.40000000000000013 0.0 0.0 0.0
-0.7999999999999998 -1.6 0.7000000000000002 0.0 0.0 0.0
-0.7999999999999998 -1.6 1.0000000000000002 0.0 0.0 0.0
-0.7999999999999998 -1.6 1.3000000000000003 0.0 0.0 0.0
-0.7999999999999998 -1.6 1.6000000000000003 0.0 0.0 0.0
-0.7999999999999998 -1.6 1.9000000000000004 0.0 0.0 0.0
-0.49999999999999983 -2.0 -2.0 0.0 0.0 0.0
-0.49999999999999983 -2.0 -1.7 0.0 0.0 0.0
-0.49999999999999983 -2.0 -1.4 0.0 0.0 0.0
-0.49999999999999983 -2.0 -1.0999999999999999 0.0 0.0 0.0
-0.49999999999999983 -2.0 -0.7999999999999998 0.0 0.0 0.0
-0.49999999999999983 -2.0 -0.49999999999999983 0.0 0.0 0.0
-0.49999999999999983 -2.0 -0.19999999999999984 0.0 0.0 0.0
-0.49999999999999983 -2.0 0.10000000000000014 0.0 0.0 0.0
-0.49999999999999983 -2.0 0.40000000000000013 0.0 0.0 0.0
-0.49999999999999983 -2.0 0.7000000000000002 0.0 0.0 0.0
-0.49999999999999983 -2.0 1.0000000000000002 0.0 0.0 0.0
-0.49999999999999983 -2.0 1.3000000000000003 0.0 0.0 0.0
-0.49999999999999983 -2.0 1.6000000000000003 0.0 0.0 0.0
-0.49999999999999983 -2.0 1.9000000000000004 0.0 0.0 0.0
-0.49999999999999983 -1.8 -2.0 0.0 0.0 0.0
-0.49999999999999983 -1.8 -1.7 0.0 0.0 0.0
-0.49999999999999983 -1.8 -1.4 0.0 0.0 0.0
-0.49999999999999983 -1.8 -1.0999999999999999 0.0 0.0 0.0
-0.49999999999999983 -1.8 -0.7999999999999998 0.0 0.0 0.0
-0.49999999999999983 -1.8 -0.49999999999999983 0.0 0.0 0.0
-0.49999999999999983 -1.8 -0.19999999999999984 0.0 0.0 0.0
-0.49999999999999983 -1.8 0.10000000000000014 0.0 0.0 0.0
-0.49999999999999983 -1.8 0.40000000000000013 0.0 0.0 0.0
-0.49999999999999983 -1.8 0.7000000000000002 0.0 0.0 0.0
-0.49999999999999983 -1.8 1.0000000000000002 0.0 0.0 0.0
-0.49999999999999983 -1.8 1.3000000000000003 0.0 0.0 0.0
-0.49999999999999983 -1.8 1.6000000000000003 0.0 0.0 0.0
-0.49999999999999983 -1.8 1.9000000000000004 0.0 0.0 0.0
-0.49999999999999983 -1.6 -2.0 0.0 0.0 0.0
-0.49999999999999983 -1.6 -1.7 0.0 0.0 0.0
-0.49999999999999983 -1.6 -1.4 0.0 0.0 0.0
-0.49999999999999983 -1.6 -1.0999999999999999 0.0 0.0 0.0
-0.49999999999999983 -1.6 -0.7999999999999998 0.0 0.0 0.0
-0.49999999999999983 -1.6 -0.49999999999999983 0.0 0.0 0.0
-0.49999999999999983 -1.6 -0.19999999999999984 0.0 0.0 0.0
-0.49999999999999983 -1.6 0.10000000000000014 0.0 0.0 0.0
-0.49999999999999983 -1.6 0.40000000000000013 0.0 0.0 0.0
-0.49999999999999983 -1.6 0.7000000000000002 0.0 0.0 0.0
-0.49999999999999983 -1.6 1.0000000000000002 0.0 0.0 0.0
-0.49999999999999983 -1.6 1.3000000000000003 0.0 0.0 0.0
-0.49999999999999983 -1.6 1.6000000000000003 0.0 0.0 0.0
-0.49999999999999983 -1.6 1.9000000000000004 0.0 0.0 0.0
-0.19999999999999984 -2.0 -2.0 0.0 0.0 0.0
-0.19999999999999984 -2.0 -1.7 0.0 0.0 0.0
-0.19999999999999984 -2.0 -1.4 0.0 0.0 0.0
-0.19999999999999984 -2.0 -1.0999999999999999 0.0 0.0 0.0
-0.19999999999999984 -2.0 -0.7999999999999998 0.0 0.0 0.0
-0.19999999999999984 -2.0 -0.49999999999999983 0.0 0.0 0.0
-0.19999999999999984 -2.0 -0.19999999999999984 0.0 0.0 0.0
-0.19999999999999984 -2.0 0.10000000000000014 0.0 0.0 0.0
-0.19999999999999984 -2.0 0.40000000000000013 0.0 0.0 0.0
-0.19999999999999984 -2.0 0.7000000000000002 0.0 0.0 0.0
-0.19999999999999984 -2.0 1.0000000000000002 0.0 0.0 0.0
-0.19999999999999984 -2.0 1.3000000000000003 0.0 0.0 0.0
-0.19999999999999984 -2.0 1.6000000000000003 0.0 0.0 0.0
-0.19999999999999984 -2.0 1.9000000000000004 0.0 0.0 0.0
-0.19999999999999984 -1.8 -2.0 0.0 0.0 0.0
-0.19999999999999984 -1.8 -1.7 0.0 0.0 0.0
-0.19999999999999984 -1.8 -1.4 0.0 0.0 0.0
-0.19999999999999984 -1.8 -1.0999999999999999 0.0 0.0 0.0
-0.19999999999999984 -1.8 -0.7999999999999998 0.0 0.0 0.0
-0.19999999999999984 -1.8 -0.49999999999999983 0.0 0.0 0.0
-0.19999999999999984 -1.8 -0.19999999999999984 0.0 0.0 0.0
-0.19999999999999984 -1.8 0.10000000000000014 0.0 0.0 0.0
-0.19999999999999984 -1.8 0.40000000000000013 0.0 0.0 0.0
-0.19999999999999984 -1.8 0.7000000000000002 0.0 0.0 0.0
-0.19999999999999984 -1.8 1.0000000000000002 0.0 0.0 0.0
-0.19999999999999984 -1.8 1.3000000000000003 0.0 0.0 0.0
-0.19999999999999984 -1.8 1.6000000000000003 0.0 0.0 0.0
-0.19999999999999984 -1.8 1.9000000000000004 0.0 0.0 0.0
-0.19999999999999984 -1.6 -2.0 0.0 0.0 0.0
-0.19999999999999984 -1.6 -1.7 0.0 0.0 0.0
-0.19999999999999984 -1.6 -1.4 0.0 0.0 0.0
-0.19999999999999984 -1.6 -1.0999999999999999 0.0 0.0 0.0
-0.19999999999999984 -1.6 -0.7999999999999998 0.0 0.0 0.0
-0.19999999999999984 -1.6 -0.49999999999999983 0.0 0.0 0.0
-0.19999999999999984 -1.6 -0.19999999999999984 0.0 0.0 0.0
-0.19999999999999984 -1.6 0.10000000000000014 0.0 0.0 0.0
-0.19999999999999984 -1.6 0.40000000000000013 0.0 0.0 0.0
-0.19999999999999984 -1.6 0.7000000000000002 0.0 0.0 0.0
-0.19999999999999984 -1.6 1.0000000000000002 0.0 0.0 0.0
-0.19999999999999984 -1.6 1.3000000000000003 0.0 0.0 0.0
-0.19999999999999984 -1.6 1.6000000000000003 0.0 0.0 0.0
-0.19999999999999984 -1.6 1.9000000000000004 0.0 0.0 0.0
0.10000000000000014 -2.0 -2.0 0.0 0.0 0.0
0.10000000000000014 -2.0 -1.7 0.0 0.0 0.0
0.10000000000000014 -2.0 -1.4 0.0 0.0 0.0
0.10000000000000014 -2.0 -1.0999999999999999 0.0 0.0 0.0
0.10000000000000014 -2.0 -0.7999999999999998 0.0 0.0 0.0
0.10000000000000014 -2.0 -0.49999999999999983 0.0 0.0 0.0
0.10000000000000014 -2.0 -0.19999999999999984 0.0 0.0 0.0
0.10000000000000014 -2.0 0.10000000000000014 0.0 0.0 0.0
0.10000000000000014 -2.0 0.40000000000000013 0.0 0.0 0.0
0.10000000000000014 -2.0 0.7000000000000002 0.0 0.0 0.0
0.10000000000000014 -2.0 1.0000000000000002 0.0 0.0 0.0
0.10000000000000014 -2.0 1.3000000000000003 0.0 0.0 0.0
0.10000000000000014 -2.0 1.6000000000000003 0.0 0.0 0.0
0.10000000000000014 -2.0 1.9000000000000004 0.0 0.0 0.0
0.10000000000000014 -1.8 -2.0 0.0 0.0 0.0
0.10000000000000014 -1.8 -1.7 0.0 0.0 0.0
0.10000000000000014 -1.8 -1.4 0.0 0.0 0.0
0.10000000000000014 -1.8 -1.0999999999999999 0.0 0.0 0.0
0.10000000000000014 -1.8 -0.7999999999999998 0.0 0.0 0.0
0.10000000000000014 -1.8 -0.49999999999999983 0.0 0.0 0.0
0.10000000000000014 -1.8 -0.19999999999999984 0.0 0.0 0.0
0.10000000000000014 -1.8 0.10000000000000014 0.0 0.0 0.0
0.10000000000000014 -1.8 0.40000000000000013 0.0 0.0 0.0
0.10000000000000014 -1.8 0.7000000000000002 0.0 0.0 0.0
0.10000000000000014 -1.8 1.0000000000000002 0.0 0.0 0.0
0.10000000000000014 -1.8 1.3000000000000003 0.0 0.0 0.0
0.10000000000000014 -1.8 1.6000000000000003 0.0 0.0 0.0
0.10000000000000014 -1.8 1.9000000000000004 0.0 0.0 0.0
0.10000000000000014 -1.6 -2.0 0.0 0.0 0.0
0.10000000000000014 -1.6 -1.7 0.0 0.0 0.0
0.10000000000000014 -1.6 -1.4 0.0 0.0 0.0
0.10000000000000014 -1.6 -1.0999999999999999 0.0 0.0 0.0
0.10000000000000014 -1.6 -0.7999999999999998 0.0 0.0 0.0
0.10000000000000014 -1.6 -0.49999999999999983 0.0 0.0 0.0
0.10000000000000014 -1.6 -0.19999999999999984 0.0 0.0 0.0
0.10000000000000014 -1.6 0.10000000000000014 0.0 0.0 0.0
0.10000000000000014 -1.6 0.40000000000000013 0.0 0.0 0.0
0.10000000000000014 -1.6 0.7000000000000002 0.0 0.0 0.0
0.10000000000000014 -1.6 1.0000000000000002 0.0 0.0 0.0
0.10000000000000014 -1.6 1.3000000000000003 0.0 0.0 0.0
0.10000000000000014 -1.6 1.6000000000000003 0.0 0.0 0.0
0.10000000000000014 -1.6 1.9000000000000004 0.0 0.0 0.0
0.40000000000000013 -2.0 -2.0 0.0 0.0 0.0
0.40000000000000013 -2.0 -1.7 0.0 0.0 0.0
0.40000000000000013 -2.0 -1.4 0.0 0.0 0.0
0.40000000000000013 -2.0 -1.0999999999999999 0.0 0.0 0.0
0.40000000000000013 -2.0 -0.7999999999999998 0.0 0.0 0.0
0.40000000000000013 -2.0 -0.49999999999999983 0.0 0.0 0.0
0.40000000000000013 -2.0 -0.19999999999999984 0.0 0.0 0.0
0.40000000000000013 -2.0 0.10000000000000014 0.0 0.0 0.0
0.40000000000000013 -2.0 0.40000000000000013 0.0 0.0 0.0
0.40000000000000013 -2.0 0.7000000000000002 0.0 0.0 0.0
0.40000000000000013 -2.0 1.0000000000000002 0.0 0.0 0.0
0.40000000000000013 -2.0 1.3000000000000003 0.0 0.0 0.0
0.40000000000000013 -2.0 1.6000000000000003 0.0 0.0 0.0
0.40000000000000013 -2.0 1.9000000000000004 0.0 0.0 0.0
0.40000000000000013 -1.8 -2.0 0.0 0.0 0.0
0.40000000000000013 -1.8 -1.7 0.0 0.0 0.0
0.40000000000000013 -1.8 -1.4 0.0 0.0 0.0
0.40000000000000013 -1.8 -1.0999999999999999 0.0 0.0 0.0
0.40000000000000013 -1.8 -0.7999999999999998 0.0 0.0 0.0
0.40000000000000013 -1.8 -0.49999999999999983 0.0 0.0 0.0
0.40000000000000013 -1.8 -0.19999999999999984 0.0 0.0 0.0
0.40000000000000013 -1.8 0.10000000000000014 0.0 0.0 0.0
0.40000000000000013 -1.8 0.40000000000000013 0.0 0.0 0.0
0.40000000000000013 -1.8 0.7000000000000002 0.0 0.0 0.0
0.40000000000000013 -1.8 1.0000000000000002 0.0 0.0 0.0
0.40000000000000013 -1.8 1.3000000000000003 0.0 0.0 0.0
0.40000000000000013 -1.8 1.6000000000000003 0.0 0.0 0.0
0.40000000000000013 -1.8 1.9000000000000004 0.0 0.0 0.0
0.40000000000000013 -1.6 -2.0 0.0 0.0 0.0
0.40000000000000013 -1.6 -1.7 0.0 0.0 0.0
0.40000000000000013 -1.6 -1.4 0.0 0.0 0.0
0.40000000000000013 -1.6 -1.0999999999999999 0.0 0.0 0.0
0.40000000000000013 -1.6 -0.7999999999999998 0.0 0.0 0.0
0.40000000000000013 -1.6 -0.49999999999999983 0.0 0.0 0.0
0.40000000000000013 -1.6 -0.19999999999999984 0.0 0.0 0.0
0.40000000000000013 -1.6 0.10000000000000014 0.0 0.0 0.0
0.40000000000000013 -1.6 0.40000000000000013 0.0 0.0 0.0
0.40000000000000013 -1.6 0.7000000000000002 0.0 0.0 0.0
0.40000000000000013 -1.6 1.0000000000000002 0.0 0.0 0.0
0.40000000000000013 -1.6 1.3000000000000003 0.0 0.0 0.0
0.40000000000000013 -1.6 1.6000000000000003 0.0 0.0 0.0
0.40000000000000013 -1.6 1.9000000000000004 0.0 0.0 0.0
0.7000000000000002 -2.0 -2.0 0.0 0.0 0.0
0.7000000000000002 -2.0 -1.7 0.0 0.0 0.0
0.7000000000000002 -2.0 -1.4 0.0 0.0 0.0
0.7000000000000002 -2.0 -1.0999999999999999 0.0 0.0 0.0
0.7000000000000002 -2.0 -0.7999999999999998 0.0 0.0 0.0
0.7000000000000002 -2.0 -0.49999999999999983 0.0 0.0 0.0
0.7000000000000002 -2.0 -0.19999999999999984 0.0 0.0 0.0
0.7000000000000002 -2.0 0.10000000000000014 0.0 0.0 0.0
0.7000000000000002 -2.0 0.40000000000000013 0.0 0.0 0.0
0.7000000000000002 -2.0 0.7000000000000002 0.0 0.0 0.0
0.7000000000000002 -2.0 1.0000000000000002 0.0 0.0 0.0
0.7000000000000002 -2.0 1.3000000000000003 0.0 0.0 0.0
0.7000000000000002 -2.0 1.6000000000000003 0.0 0.0 0.0
0.7000000000000002 -2.0 1.9000000000000004 0.0 0.0 0.0
0.7000000000000002 -1.8 -2.0 0.0 0.0 0.0
0.7000000000000002 -1.8 -1.7 0.0 0.0 0.0
0.7000000000000002 -1.8 -1.4 0.0 0.0 0.0
0.7000000000000002 -1.8 -1.0999999999999999 0.0 0.0 0.0
0.7000000000000002 -1.8 -0.7999999999999998 0.0 0.0 0.0
0.7000000000000002 -1.8 -0.49999999999999983 0.0 0.0 0.0
0.7000000000000002 -1.8 -0.19999999999999984 0.0 0.0 0.0
0.7000000000000002 -1.8 0.10000000000000014 0.0 0.0 0.0
0.7000000000000002 -1.8 0.40000000000000013 0.0 0.0 0.0
0.7000000000000002 -1.8 0.7000000000000002 0.0 0.0 0.0
0.7000000000000002 -1.8 1.0000000000000002 0.0 0.0 0.0
0.7000000000000002 -1.8 1.3000000000000003 0.0 0.0 0.0
0.7000000000000002 -1.8 1.6000000000000003 0.0 0.0 0.0
0.7000000000000002 -1.8 1.9000000000000004 0.0 0.0 0.0
0.7000000000000002 -1.6 -2.0 0.0 0.0 0.0
0.7000000000000002 -1.6 -1.7 0.0 0.0 0.0
0.7000000000000002 -1.6 -1.4 0.0 0.0 0.0
0.7000000000000002 -1.6 -1.0999999999999999 0.0 0.0 0.0
0.7000000000000002 -1.6 -0.7999999999999998 0.0 0.0 0.0
0.7000000000000002 -1.6 -0.49999999999999983 0.0 0.0 0.0
0.7000000000000002 -1.6 -0.19999999999999984 0.0 0.0 0.0
0.7000000000000002 -1.6 0.10000000000000014 0.0 0.0 0.0
0.7000000000000002 -1.6 0.40000000000000013 0.0 0.0 0.0
0.7000000000000002 -1.6 0.7000000000000002 0.0 0.0 0.0
0.7000000000000002 -1.6 1.0000000000000002 0.0 0.0 0.0
0.7000000000000002 -1.6 1.3000000000000003 0.0 0.0 0.0
0.7000000000000002 -1.6 1.6000000000000003 0.0 0.0 0.0
0.7000000000000002 -1.6 1.9000000000000004 0.0 0.0 0.0
1.0000000000000002 -2.0 -2.0 0.0 0.0 0.0
1.0000000000000002 -2.0 -1.7 0.0 0.0 0.0
1.0000000000000002 -2.0 -1.4 0.0 0.0 0.0
1.0000000000000002 -2.0 -1.0999999999999999 0.0 0.0 0.0
1.0000000000000002 -2.0 -0.7999999999999998 0.0 0.0 0.0
1.0000000000000002 -2.0 -0.49999999999999983 0.0 0.0 0.0
1.0000000000000002 -2.0 -0.19999999999999984 0.0 0.0 0.0
1.0000000000000002 -2.0 0.10000000000000014 0.0 0.0 0.0
1.0000000000000002 -2.0 0.40000000000000013 0.0 0.0 0.0
1.0000000000000002 -2.0 0.7000000000000002 0.0 0.0 0.0
1.0000000000000002 -2.0 1.0000000000000002 0.0 0.0 0.0
1.0000000000000002 -2.0 1.3000000000000003 0.0 0.0 0.0
1.0000000000000002 -2.0 1.6000000000000003 0.0 0.0 0.0
1.0000000000000002 -2.0 1.9000000000000004 0.0 0.0 0.0
1.0000000000000002 -1.8 -2.0 0.0 0.0 0.0
1.0000000000000002 -1.8 -1.7 0.0 0.0 0.0
1.0000000000000002 -1.8 -1.4 0.0 0.0 0.0
1.0000000000000002 -1.8 -1.0999999999999999 0.0 0.0 0.0
1.0000000000000002 -1.8 -0.7999999999999998 0.0 0.0 0.0
1.0000000000000002 -1.8 -0.49999999999999983 0.0 0.0 0.0
1.0000000000000002 -1.8 -0.19999999999999984 0.0 0.0 0.0
1.0000000000000002 -1.8 0.10000000000000014 0.0 0.0 0.0
1.0000000000000002 -1.8 0.40000000000000013 0.0 0.0 0.0
1.0000000000000002 -1.8 0.7000000000000002 0.0 0.0 0.0
1.0000000000000002 -1.8 1.0000000000000002 0.0 0.0 0.0
1.0000000000000002 -1.8 1.3000000000000003 0.0 0.0 0.0
1.0000000000000002 -1.8 1.6000000000000003 0.0 0.0 0.0
1.0000000000000002 -1.8 1.9000000000000004 0.0 0.0 0.0
1.0000000000000002 -1.6 -2.0 0.0 0.0 0.0
1.0000000000000002 -1.6 -1.7 0.0 0.0 0.0
1.0000000000000002 -1.6 -1.4 0.0 0.0 0.0
1.0000000000000002 -1.6 -1.0999999999999999 0.0 0.0 0.0
1.0000000000000002 -1.6 -0.7999999999999998 0.0 0.0 0.0
1.0000000000000002 -1.6 -0.49999999999999983 0.0 0.0 0.0
1.0000000000000002 -1.6 -0.19999999999999984 0.0 0.0 0.0
1.0000000000000002 -1.6 0.10000000000000014 0.0 0.0 0.0
1.0000000000000002 -1.6 0.40000000000000013 0.0 0.0 0.0
1.0000000000000002 -1.6 0.7000000000000002 0.0 0.0 0.0
1.0000000000000002 -1.6 1.0000000000000002 0.0 0.0 0.0
1.0000000000000002 -1.6 1.3000000000000003 0.0 0.0 0.0
1.0000000000000002 -1.6 1.6000000000000003 0.0 0.0 0.0
1.0000000000000002 -1.6 1.9000000000000004 0.0 0.0 0.0
1.3000000000000003 -2.0 -2.0 0.0 0.0 0.0
1.3000000000000003 -2.0 -1.7 0.0 0.0 0.0
1.3000000000000003 -2.0 -1.4 0.0 0.0 0.0
1.3000000000000003 -2.0 -1.0999999999999999 0.0 0.0 0.0
1.3000000000000003 -2.0 -0.7999999999999998 0.0 0.0 0.0
1.3000000000000003 -2.0 -0.49999999999999983 0.0 0.0 0.0
1.3000000000000003 -2.0 -0.19999999999999984 0.0 0.0 0.0
1.3000000000000003 -2.0 0.10000000000000014 0.0 0.0 0.0
1.3000000000000003 -2.0 0.40000000000000013 0.0 0.0 0.0
1.3000000000000003 -2.0 0.7000000000000002 0.0 0.0 0.0
1.3000000000000003 -2.0 1.0000000000000002 0.0 0.0 0.0
1.3000000000000003 -2.0 1.3000000000000003 0.0 0.0 0.0
1.3000000000000003 -2.0 1.6000000000000003 0.0 0.0 0.0
1.3000000000000003 -2.0 1.9000000000000004 0.0 0.0 0.0
1.3000000000000003 -1.8 -2.0 0.0 0.0 0.0
1.3000000000000003 -1.8 -1.7 0.0 0.0 0.0
1.3000000000000003 -1.8 -1.4 0.0 0.0 0.0
1.3000000000000003 -1.8 -1.0999999999999999 0.0 0.0 0.0
1.3000000000000003 -1.8 -0.7999999999999998 0.0 0.0 0.0
1.3000000000000003 -1.8 -0.49999999999999983 0.0 0.0 0.0
1.3000000000000003 -1.8 -0.19999999999999984 0.0 0.0 0.0
1.3000000000000003 -1.8 0.10000000000000014 0.0 0.0 0.0
1.3000000000000003 -1.8 0.40000000000000013 0.0 0.0 0.0
1.3000000000000003 -1.8 0.7000000000000002 0.0 0.0 0.0
1.3000000000000003 -1.8 1.0000000000000002 0.0 0.0 0.0
1.3000000000000003 -1.8 1.3000000000000003 0.0 0.0 0.0
1.3000000000000003 -1.8 1.6000000000000003 0.0 0.0 0.0
1.3000000000000003 -1.8 1.9000000000000004 0.0 0.0 0.0
1.3000000000000003 -1.6 -2.0 0.0 0.0 0.0
1.3000000000000003 -1.6 -1.7 0.0 0.0 0.0
1.3000000000000003 -1.6 -1.4 0.0 0.0 0.0
1.3000000000000003 -1.6 -1.0999999999999999 0.0 0.0 0.0
1.3000000000000003 -1.6 -0.7999999999999998 0.0 0.0 0.0
1.3000000000000003 -1.6 -0.49999999999999983 0.0 0.0 0.0
1.3000000000000003 -1.6 -0.19999999999999984 0.0 0.0 0.0
1.3000000000000003 -1.6 0.10000000000000014 0.0 0.0 0.0
1.3000000000000003 -1.6 0.40000000000000013 0.0 0.0 0.0
1.3000000000000003 -1.6 0.7000000000000002 0.0 0.0 0.0
1.3000000000000003 -1.6 1.0000000000000002 0.0 0.0 0.0
1.3000000000000003 -1.6 1.3000000000000003 0.0 0.0 0.0
1.3000000000000003 -1.6 1.6000000000000003 0.0 0.0 0.0
1.3000000000000003 -1.6 1.9000000000000004 0.0 0.0 0.0
1.6000000000000003 -2.0 -2.0 0.0 0.0 0.0
1.6000000000000003 -2.0 -1.7 0.0 0.0 0.0
1.6000000000000003 -2.0 -1.4 0.0 0.0 0.0
1.6000000000000003 -2.0 -1.0999999999999999 0.0 0.0 0.0
1.6000000000000003 -2.0 -0.7999999999999998 0.0 0.0 0.0
1.6000000000000003 -2.0 -0.49999999999999983 0.0 0.0 0.0
1.6000000000000003 -2.0 -0.19999999999999984 0.0 0.0 0.0
1.6000000000000003 -2.0 0.10000000000000014 0.0 0.0 0.0
1.6000000000000003 -2.0 0.40000000000000013 0.0 0.0 0.0
1.6000000000000003 -2.0 0.7000000000000002 0.0 0.0 0.0
1.6000000000000003 -2.0 1.0000000000000002 0.0 0.0 0.0
1.6000000000000003 -2.0 1.3000000000000003 0.0 0.0 0.0
1.6000000000000003 -2.0 1.6000000000000003 0.0 0.0 0.0
1.6000000000000003 -2.0 1.9000000000000004 0.0 0.0 0.0
1.6000000000000003 -1.8 -2.0 0.0 0.0 0.0
1.6000000000000003 -1.8 -1.7 0.0 0.0 0.0
1.6000000000000003 -1.8 -1.4 0.0 0.0 0.0
1.6000000000000003 -1.8 -1.0999999999999999 0.0 0.0 0.0
1.6000000000000003 -1.8 -0.7999999999999998 0.0 0.0 0.0
1.6000000000000003 -1.8 -0.49999999999999983 0.0 0.0 0.0
1.6000000000000003 -1.8 -0.19999999999999984 0.0 0.0 0.0
1.6000000000000003 -1.8 0.10000000000000014 0.0 0.0 0.0
1.6000000000000003 -1.8 0.40000000000000013 0.0 0.0 0.0
1.6000000000000003 -1.8 0.7000000000000002 0.0 0.0 0.0
1.6000000000000003 -1.8 1.0000000000000002 0.0 0.0 0.0
1.6000000000000003 -1.8 1.3000000000000003 0.0 0.0 0.0
1.6000000000000003 -1.8 1.6000000000000003 0.0 0.0 0.0
1.6000000000000003 -1.8 1.9000000000000004 0.0 0.0 0.0
1.6000000000000003 -1.6 -2.0 0.0 0.0 0.0
1.6000000000000003 -1.6 -1.7 0.0 0.0 0.0
1.6000000000000003 -1.6 -1.4 0.0 0.0 0.0
1.6000000000000003 -1.6 -1.0999999999999999 0.0 0.0 0.0
1.6000000000000003 -1.6 -0.7999999999999998 0.0 0.0 0.0
1.6000000000000003 -1.6 -0.49999999999999983 0.0 0.0 0.0
1.6000000000000003 -1.6 -0.19999999999999984 0.0 0.0 0.0
1.6000000000000003 -1.6 0.10000000000000014 0.0 0.0 0.0
1.6000000000000003 -1.6 0.40000000000000013 0.0 0.0 0.0
1.6000000000000003 -1.6 0.7000000000000002 0.0 0.0 0.0
1.6000000000000003 -1.6 1.0000000000000002 0.0 0.0 0.0
1.6000000000000003 -1.6 1.3000000000000003 0.0 0.0 0.0
1.6000000000000003 -1.6 1.6000000000000003 0.0 0.0 0.0
1.6000000000000003 -1.6 1.9000000000000004 0.0 0.0 0.0
1.9000000000000004 -2.0 -2.0 0.0 0.0 0.0
1.9000000000000004 -2.0 -1.7 0.0 0.0 0.0
1.9000000000000004 -2.0 -1.4 0.0 0.0 0.0
1.9000000000000004 -2.0 -1.0999999999999999 0.0 0.0 0.0
1.9000000000000004 -2.0 -0.7999999999999998 0.0 0.0 0.0
1.9000000000000004 -2.0 -0.49999999999999983 0.0 0.0 0.0
1.9000000000000004 -2.0 -0.19999999999999984 0.0 0.0 0.0
1.9000000000000004 -2.0 0.10000000000000014 0.0 0.0 0.0
1.9000000000000004 -2.0 0.40000000000000013 0.0 0.0 0.0
1.9000000000000004 -2.0 0.7000000000000002 0.0 0.0 0.0
1.9000000000000004 -2.0 1.0000000000000002 0.0 0.0 0.0
1.9000000000000004 -2.0 1.3000000000000003 0.0 0.0 0.0
1.9000000000000004 -2.0 1.6000000000000003 0.0 0.0 0.0
1.9000000000000004 -2.0 1.9000000000000004 0.0 0.0 0.0
1.9000000000000004 -1.8 -2.0 0.0 0.0 0.0
1.9000000000000004 -1.8 -1.7 0.0 0.0 0.0
1.9000000000000004 -1.8 -1.4 0.0 0.0 0.0
1.9000000000000004 -1.8 -1.0999999999999999 0.0 0.0 0.0
1.9000000000000004 -1.8 -0.7999999999999998 0.0 0.0 0.0
1.9000000000000004 -1.8 -0.49999999999999983 0.0 0.0 0.0
1.9000000000000004 -1.8 -0.19999999999999984 0.0 0.0 0.0
1.9000000000000004 -1.8 0.10000000000000014 0.0 0.0 0.0
1.9000000000000004 -1.8 0.40000000000000013 0.0 0.0 0.0
1.9000000000000004 -1.8 0.7000000000000002 0.0 0.0 0.0
1.9000000000000004 -1.8 1.0000000000000002 0.0 0.0 0.0
1.9000000000000004 -1.8 1.3000000000000003 0.0 0.0 0.0
1.9000000000000004 -1.8 1.6000000000000003 0.0 0.0 0.0
1.9000000000000004 -1.8 1.9000000000000004 0.0 0.0 0.0
1.9000000000000004 -1.6 -2.0 0.0 0.0 0.0
1.9000000000000004 -1.6 -1.7 0.0 0.0 0.0
1.9000000000000004 -1.6 -1.4 0.0 0.0 0.0
1.9000000000000004 -1.6 -1.0999999999999999 0.0 0.0 0.0
1.9000000000000004 -1.6 -0.7999999999999998 0.0 0.0 0.0
1.9000000000000004 -1.6 -0.49999999999999983 0.0 0.0 0.0
1.9000000000000004 -1.6 -0.19999999999999984 0.0 0.0 0.0
1.9000000000000004 -1.6 0.10000000000000014 0.0 0.0 0.0
1.9000000000000004 -1.6 0.40000000000000013 0.0 0.0 0.0
1.9000000000000004 -1.6 0.7000000000000002 0.0 0.0 0.0
1.9000000000000004 -1.6 1.0000000000000002 0.0 0.0 0.0
1.9000000000000004 -1.6 1.3000000000000003 0.0 0.0 0.0
1.9000000000000004 -1.6 1.6000000000000003 0.0 0.0 0.0
1.9000000000000004 -1.6 1.9000000000000004 0.0 0.0 0.0
-0.4 1.4 -0.4 0.0 0.0 0.0
-0.4 1.4 -0.10000000000000003 0.0 0.0 0.0
-0.4 1.4 0.19999999999999996 0.0 0.0 0.0
-0.4 1.7 -0.4 0.0 0.0 0.0
-0.4 1.7 -0.10000000000000003 0.0 0.0 0.0
-0.4 1.7 0.19999999999999996 0.0 0.0 0.0
-0.10000000000000003 1.4 -0.4 0.0 0.0 0.0
-0.10000000000000003 1.4 -0.10000000000000003 0.0 0.0 0.0
-0.10000000000000003 1.4 0.19999999999999996 0.0 0.0 0.0
-0.10000000000000003 1.7 -0.4 0.0 0.0 0.0
-0.10000000000000003 1.7 -0.10000000000000003 0.0 0.0 0.0
-0.10000000000000003 1.7 0.19999999999999996 0.0 0.0 0.0
0.19999999999999996 1.4 -0.4 0.0 0.0 0.0
0.19999999999999996 1.4 -0.10000000000000003 0.0 0.0 0.0
0.19999999999999996 1.4 0.19999999999999996 0.0 0.0 0.0
0.19999999999999996 1.7 -0.4 0.0 0.0 0.0
0.19999999999999996 1.7 -0.10000000000000003 0.0 0.0 0.0
0.19999999999999996 1.7 0.19999999999999996 0.0 0.0 0.0
